{
 "cells": [
  {
   "cell_type": "code",
   "execution_count": 0,
   "metadata": {
    "collapsed": false
   },
   "outputs": [
   ],
   "source": [
   ]
  },
  {
   "cell_type": "code",
   "execution_count": 2,
   "metadata": {
    "collapsed": false
   },
   "outputs": [
   ],
   "source": [
    "import numpy as np\n",
    "import pandas as pd\n",
    "import seaborn as sns\n",
    "import plotly.express as px\n",
    "import matplotlib.pyplot as plt"
   ]
  },
  {
   "cell_type": "code",
   "execution_count": 3,
   "metadata": {
    "collapsed": false
   },
   "outputs": [
    {
     "data": {
      "text/html": [
       "<div>\n",
       "<style scoped>\n",
       "    .dataframe tbody tr th:only-of-type {\n",
       "        vertical-align: middle;\n",
       "    }\n",
       "\n",
       "    .dataframe tbody tr th {\n",
       "        vertical-align: top;\n",
       "    }\n",
       "\n",
       "    .dataframe thead th {\n",
       "        text-align: right;\n",
       "    }\n",
       "</style>\n",
       "<table border=\"1\" class=\"dataframe\">\n",
       "  <thead>\n",
       "    <tr style=\"text-align: right;\">\n",
       "      <th></th>\n",
       "      <th>age</th>\n",
       "      <th>sex</th>\n",
       "      <th>cp</th>\n",
       "      <th>trestbps</th>\n",
       "      <th>chol</th>\n",
       "      <th>fbs</th>\n",
       "      <th>restecg</th>\n",
       "      <th>thalach</th>\n",
       "      <th>exang</th>\n",
       "      <th>oldpeak</th>\n",
       "      <th>slope</th>\n",
       "      <th>ca</th>\n",
       "      <th>thal</th>\n",
       "      <th>target</th>\n",
       "    </tr>\n",
       "  </thead>\n",
       "  <tbody>\n",
       "    <tr>\n",
       "      <th>0</th>\n",
       "      <td>52</td>\n",
       "      <td>1</td>\n",
       "      <td>0</td>\n",
       "      <td>125</td>\n",
       "      <td>212</td>\n",
       "      <td>0</td>\n",
       "      <td>1</td>\n",
       "      <td>168</td>\n",
       "      <td>0</td>\n",
       "      <td>1.0</td>\n",
       "      <td>2</td>\n",
       "      <td>2</td>\n",
       "      <td>3</td>\n",
       "      <td>0</td>\n",
       "    </tr>\n",
       "    <tr>\n",
       "      <th>1</th>\n",
       "      <td>53</td>\n",
       "      <td>1</td>\n",
       "      <td>0</td>\n",
       "      <td>140</td>\n",
       "      <td>203</td>\n",
       "      <td>1</td>\n",
       "      <td>0</td>\n",
       "      <td>155</td>\n",
       "      <td>1</td>\n",
       "      <td>3.1</td>\n",
       "      <td>0</td>\n",
       "      <td>0</td>\n",
       "      <td>3</td>\n",
       "      <td>0</td>\n",
       "    </tr>\n",
       "    <tr>\n",
       "      <th>2</th>\n",
       "      <td>70</td>\n",
       "      <td>1</td>\n",
       "      <td>0</td>\n",
       "      <td>145</td>\n",
       "      <td>174</td>\n",
       "      <td>0</td>\n",
       "      <td>1</td>\n",
       "      <td>125</td>\n",
       "      <td>1</td>\n",
       "      <td>2.6</td>\n",
       "      <td>0</td>\n",
       "      <td>0</td>\n",
       "      <td>3</td>\n",
       "      <td>0</td>\n",
       "    </tr>\n",
       "    <tr>\n",
       "      <th>3</th>\n",
       "      <td>61</td>\n",
       "      <td>1</td>\n",
       "      <td>0</td>\n",
       "      <td>148</td>\n",
       "      <td>203</td>\n",
       "      <td>0</td>\n",
       "      <td>1</td>\n",
       "      <td>161</td>\n",
       "      <td>0</td>\n",
       "      <td>0.0</td>\n",
       "      <td>2</td>\n",
       "      <td>1</td>\n",
       "      <td>3</td>\n",
       "      <td>0</td>\n",
       "    </tr>\n",
       "    <tr>\n",
       "      <th>4</th>\n",
       "      <td>62</td>\n",
       "      <td>0</td>\n",
       "      <td>0</td>\n",
       "      <td>138</td>\n",
       "      <td>294</td>\n",
       "      <td>1</td>\n",
       "      <td>1</td>\n",
       "      <td>106</td>\n",
       "      <td>0</td>\n",
       "      <td>1.9</td>\n",
       "      <td>1</td>\n",
       "      <td>3</td>\n",
       "      <td>2</td>\n",
       "      <td>0</td>\n",
       "    </tr>\n",
       "  </tbody>\n",
       "</table>\n",
       "</div>"
      ],
      "text/plain": [
       "   age  sex  cp  trestbps  chol  fbs  restecg  thalach  exang  oldpeak  slope  \\\n",
       "0   52    1   0       125   212    0        1      168      0      1.0      2   \n",
       "1   53    1   0       140   203    1        0      155      1      3.1      0   \n",
       "2   70    1   0       145   174    0        1      125      1      2.6      0   \n",
       "3   61    1   0       148   203    0        1      161      0      0.0      2   \n",
       "4   62    0   0       138   294    1        1      106      0      1.9      1   \n",
       "\n",
       "   ca  thal  target  \n",
       "0   2     3       0  \n",
       "1   0     3       0  \n",
       "2   0     3       0  \n",
       "3   1     3       0  \n",
       "4   3     2       0  "
      ]
     },
     "execution_count": 3,
     "metadata": {
     },
     "output_type": "execute_result"
    }
   ],
   "source": [
    "df = pd.read_csv('heart.csv')\n",
    "df.head()"
   ]
  },
  {
   "cell_type": "code",
   "execution_count": 4,
   "metadata": {
    "collapsed": false
   },
   "outputs": [
    {
     "data": {
      "text/html": [
       "<div>\n",
       "<style scoped>\n",
       "    .dataframe tbody tr th:only-of-type {\n",
       "        vertical-align: middle;\n",
       "    }\n",
       "\n",
       "    .dataframe tbody tr th {\n",
       "        vertical-align: top;\n",
       "    }\n",
       "\n",
       "    .dataframe thead th {\n",
       "        text-align: right;\n",
       "    }\n",
       "</style>\n",
       "<table border=\"1\" class=\"dataframe\">\n",
       "  <thead>\n",
       "    <tr style=\"text-align: right;\">\n",
       "      <th></th>\n",
       "      <th>age</th>\n",
       "      <th>sex</th>\n",
       "      <th>cp</th>\n",
       "      <th>trestbps</th>\n",
       "      <th>chol</th>\n",
       "      <th>fbs</th>\n",
       "      <th>restecg</th>\n",
       "      <th>thalach</th>\n",
       "      <th>exang</th>\n",
       "      <th>oldpeak</th>\n",
       "      <th>slope</th>\n",
       "      <th>ca</th>\n",
       "      <th>thal</th>\n",
       "      <th>target</th>\n",
       "    </tr>\n",
       "  </thead>\n",
       "  <tbody>\n",
       "    <tr>\n",
       "      <th>1020</th>\n",
       "      <td>59</td>\n",
       "      <td>1</td>\n",
       "      <td>1</td>\n",
       "      <td>140</td>\n",
       "      <td>221</td>\n",
       "      <td>0</td>\n",
       "      <td>1</td>\n",
       "      <td>164</td>\n",
       "      <td>1</td>\n",
       "      <td>0.0</td>\n",
       "      <td>2</td>\n",
       "      <td>0</td>\n",
       "      <td>2</td>\n",
       "      <td>1</td>\n",
       "    </tr>\n",
       "    <tr>\n",
       "      <th>1021</th>\n",
       "      <td>60</td>\n",
       "      <td>1</td>\n",
       "      <td>0</td>\n",
       "      <td>125</td>\n",
       "      <td>258</td>\n",
       "      <td>0</td>\n",
       "      <td>0</td>\n",
       "      <td>141</td>\n",
       "      <td>1</td>\n",
       "      <td>2.8</td>\n",
       "      <td>1</td>\n",
       "      <td>1</td>\n",
       "      <td>3</td>\n",
       "      <td>0</td>\n",
       "    </tr>\n",
       "    <tr>\n",
       "      <th>1022</th>\n",
       "      <td>47</td>\n",
       "      <td>1</td>\n",
       "      <td>0</td>\n",
       "      <td>110</td>\n",
       "      <td>275</td>\n",
       "      <td>0</td>\n",
       "      <td>0</td>\n",
       "      <td>118</td>\n",
       "      <td>1</td>\n",
       "      <td>1.0</td>\n",
       "      <td>1</td>\n",
       "      <td>1</td>\n",
       "      <td>2</td>\n",
       "      <td>0</td>\n",
       "    </tr>\n",
       "    <tr>\n",
       "      <th>1023</th>\n",
       "      <td>50</td>\n",
       "      <td>0</td>\n",
       "      <td>0</td>\n",
       "      <td>110</td>\n",
       "      <td>254</td>\n",
       "      <td>0</td>\n",
       "      <td>0</td>\n",
       "      <td>159</td>\n",
       "      <td>0</td>\n",
       "      <td>0.0</td>\n",
       "      <td>2</td>\n",
       "      <td>0</td>\n",
       "      <td>2</td>\n",
       "      <td>1</td>\n",
       "    </tr>\n",
       "    <tr>\n",
       "      <th>1024</th>\n",
       "      <td>54</td>\n",
       "      <td>1</td>\n",
       "      <td>0</td>\n",
       "      <td>120</td>\n",
       "      <td>188</td>\n",
       "      <td>0</td>\n",
       "      <td>1</td>\n",
       "      <td>113</td>\n",
       "      <td>0</td>\n",
       "      <td>1.4</td>\n",
       "      <td>1</td>\n",
       "      <td>1</td>\n",
       "      <td>3</td>\n",
       "      <td>0</td>\n",
       "    </tr>\n",
       "  </tbody>\n",
       "</table>\n",
       "</div>"
      ],
      "text/plain": [
       "      age  sex  cp  trestbps  chol  fbs  restecg  thalach  exang  oldpeak  \\\n",
       "1020   59    1   1       140   221    0        1      164      1      0.0   \n",
       "1021   60    1   0       125   258    0        0      141      1      2.8   \n",
       "1022   47    1   0       110   275    0        0      118      1      1.0   \n",
       "1023   50    0   0       110   254    0        0      159      0      0.0   \n",
       "1024   54    1   0       120   188    0        1      113      0      1.4   \n",
       "\n",
       "      slope  ca  thal  target  \n",
       "1020      2   0     2       1  \n",
       "1021      1   1     3       0  \n",
       "1022      1   1     2       0  \n",
       "1023      2   0     2       1  \n",
       "1024      1   1     3       0  "
      ]
     },
     "execution_count": 4,
     "metadata": {
     },
     "output_type": "execute_result"
    }
   ],
   "source": [
    "df.tail()\n"
   ]
  },
  {
   "cell_type": "markdown",
   "metadata": {
    "collapsed": false
   },
   "source": [
    "possible graphs: heatmap, scatterplot, histogram, boxplot\n"
   ]
  },
  {
   "cell_type": "markdown",
   "metadata": {
    "collapsed": false
   },
   "source": [
    "goal: to make interactive plots that are easy to understand and aesthetically pleasing using the plotly package\n",
    "\n"
   ]
  },
  {
   "cell_type": "markdown",
   "metadata": {
    "collapsed": false
   },
   "source": [
    "things to have:legend, title, labeling the axis\n",
    "\n"
   ]
  },
  {
   "cell_type": "code",
   "execution_count": 6,
   "metadata": {
    "collapsed": false
   },
   "outputs": [
   ],
   "source": [
    "#Graph 1 - heatmap"
   ]
  },
  {
   "cell_type": "code",
   "execution_count": 8,
   "metadata": {
    "collapsed": false,
    "scrolled": true
   },
   "outputs": [
    {
     "data": {
      "text/html": [
       "<html>\n",
       "<head><meta charset=\"utf-8\" /></head>\n",
       "<body>\n",
       "    <div>            <script src=\"https://cdnjs.cloudflare.com/ajax/libs/mathjax/2.7.5/MathJax.js?config=TeX-AMS-MML_SVG\"></script><script type=\"text/javascript\">if (window.MathJax) {MathJax.Hub.Config({SVG: {font: \"STIX-Web\"}});}</script>                <script type=\"text/javascript\">window.PlotlyConfig = {MathJaxConfig: 'local'};</script>\n",
       "        <script src=\"https://cdn.plot.ly/plotly-2.9.0.min.js\"></script>                <div id=\"bac80c3d-69d8-4ec9-ac92-eeaf9754695d\" class=\"plotly-graph-div\" style=\"height:525px; width:100%;\"></div>            <script type=\"text/javascript\">                                    window.PLOTLYENV=window.PLOTLYENV || {};                                    if (document.getElementById(\"bac80c3d-69d8-4ec9-ac92-eeaf9754695d\")) {                    Plotly.newPlot(                        \"bac80c3d-69d8-4ec9-ac92-eeaf9754695d\",                        [{\"coloraxis\":\"coloraxis\",\"name\":\"0\",\"texttemplate\":\"%{z}\",\"x\":[\"age\",\"sex\",\"chest pain\",\"resting blood pressure\",\"cholesterol\",\"fasting blood sugar\",\"resting electrocardiographic results\",\"max heart rate\",\"exercise induced angina\",\"ST depression induced by exercise relative to rest\",\"the slope of the peak exercise ST segment\",\"number of major vessels (0-3) colored by flourosopy\",\"thalassemia\",\"heart disease\"],\"y\":[\"age\",\"sex\",\"cp\",\"trestbps\",\"chol\",\"fbs\",\"restecg\",\"thalach\",\"exang\",\"oldpeak\",\"slope\",\"ca\",\"thal\",\"target\"],\"z\":[[1.0,-0.10324029759435555,-0.07196627394150716,0.27112140631607556,0.21982253466576057,0.12124347870535487,-0.1326961679672904,-0.3902270750315936,0.08816338342423416,0.208136677428114,-0.16910511083470264,0.2715505294833465,0.07229744773281883,-0.22932355126761092],[-0.10324029759435555,1.0,-0.04111908876342356,-0.07897376914509624,-0.19825787170698492,0.027200460989107313,-0.05511721329926214,-0.04936524303254435,0.1391568092217166,0.08468655858668674,-0.026666292452793026,0.11172891299897984,0.19842425379861428,-0.2795007572922624],[-0.07196627394150716,-0.04111908876342356,1.0,0.03817742136221452,-0.08164102303738098,0.0792935856180095,0.0435806109482104,0.30683928218748036,-0.40151271399953703,-0.17473347696619906,0.13163277884568905,-0.17620646750862637,-0.16334147996022633,0.434854250052737],[0.27112140631607556,-0.07897376914509624,0.03817742136221452,1.0,0.12797742763764972,0.1817666235042397,-0.1237940898485045,-0.03926406900358624,0.0611969690951958,0.1874341067530995,-0.12044531316610672,0.10455371947153318,0.05927617580622803,-0.13877173373730078],[0.21982253466576057,-0.19825787170698492,-0.08164102303738098,0.12797742763764972,1.0,0.026917163783475338,-0.1474102406316102,-0.021772091421129704,0.0673822343356907,0.064880314991909,-0.014247867919343115,0.07425934349094815,0.10024417939490475,-0.09996559423254128],[0.12124347870535487,0.027200460989107313,0.0792935856180095,0.1817666235042397,0.026917163783475338,1.0,-0.10405124404734181,-0.00886585723476282,0.04926056964555948,0.01085948055953624,-0.06190237442862651,0.13715625949608365,-0.042177320315125964,-0.041163547464651236],[-0.1326961679672904,-0.05511721329926214,0.0435806109482104,-0.1237940898485045,-0.1474102406316102,-0.10405124404734181,1.0,0.048410637347469344,-0.06560552501299081,-0.05011424982378405,0.08608608551297883,-0.07807235470415402,-0.02050405521765776,0.13446820873908916],[-0.3902270750315936,-0.04936524303254435,0.30683928218748036,-0.03926406900358624,-0.021772091421129704,-0.00886585723476282,0.048410637347469344,1.0,-0.38028087239195574,-0.3497961631423949,0.395307843482417,-0.2078884163068212,-0.09806816515786754,0.4228954964828723],[0.08816338342423416,0.1391568092217166,-0.40151271399953703,0.0611969690951958,0.0673822343356907,0.04926056964555948,-0.06560552501299081,-0.38028087239195574,1.0,0.3108437605071181,-0.26733547081445297,0.10784854280195343,0.19720103830526267,-0.438028550055846],[0.208136677428114,0.08468655858668674,-0.17473347696619906,0.1874341067530995,0.064880314991909,0.01085948055953624,-0.05011424982378405,-0.3497961631423949,0.3108437605071181,1.0,-0.575188536437517,0.2218160279873609,0.2026720266321033,-0.4384412701119449],[-0.16910511083470264,-0.026666292452793026,0.13163277884568905,-0.12044531316610672,-0.014247867919343115,-0.06190237442862651,0.08608608551297883,0.395307843482417,-0.26733547081445297,-0.575188536437517,1.0,-0.07344040956153476,-0.09409006281152638,0.3455117514359986],[0.2715505294833465,0.11172891299897984,-0.17620646750862637,0.10455371947153318,0.07425934349094815,0.13715625949608365,-0.07807235470415402,-0.2078884163068212,0.10784854280195343,0.2218160279873609,-0.07344040956153476,1.0,0.14901386792642793,-0.3820852890386709],[0.07229744773281883,0.19842425379861428,-0.16334147996022633,0.05927617580622803,0.10024417939490475,-0.042177320315125964,-0.02050405521765776,-0.09806816515786754,0.19720103830526267,0.2026720266321033,-0.09409006281152638,0.14901386792642793,1.0,-0.3378381504571859],[-0.22932355126761092,-0.2795007572922624,0.434854250052737,-0.13877173373730078,-0.09996559423254128,-0.041163547464651236,0.13446820873908916,0.4228954964828723,-0.438028550055846,-0.4384412701119449,0.3455117514359986,-0.3820852890386709,-0.3378381504571859,1.0]],\"type\":\"heatmap\",\"xaxis\":\"x\",\"yaxis\":\"y\",\"hovertemplate\":\"Factors of Heart Disease: %{x}<br>y: %{y}<br>Correlation: %{z}<extra></extra>\"}],                        {\"template\":{\"data\":{\"bar\":[{\"error_x\":{\"color\":\"#2a3f5f\"},\"error_y\":{\"color\":\"#2a3f5f\"},\"marker\":{\"line\":{\"color\":\"#E5ECF6\",\"width\":0.5},\"pattern\":{\"fillmode\":\"overlay\",\"size\":10,\"solidity\":0.2}},\"type\":\"bar\"}],\"barpolar\":[{\"marker\":{\"line\":{\"color\":\"#E5ECF6\",\"width\":0.5},\"pattern\":{\"fillmode\":\"overlay\",\"size\":10,\"solidity\":0.2}},\"type\":\"barpolar\"}],\"carpet\":[{\"aaxis\":{\"endlinecolor\":\"#2a3f5f\",\"gridcolor\":\"white\",\"linecolor\":\"white\",\"minorgridcolor\":\"white\",\"startlinecolor\":\"#2a3f5f\"},\"baxis\":{\"endlinecolor\":\"#2a3f5f\",\"gridcolor\":\"white\",\"linecolor\":\"white\",\"minorgridcolor\":\"white\",\"startlinecolor\":\"#2a3f5f\"},\"type\":\"carpet\"}],\"choropleth\":[{\"colorbar\":{\"outlinewidth\":0,\"ticks\":\"\"},\"type\":\"choropleth\"}],\"contour\":[{\"colorbar\":{\"outlinewidth\":0,\"ticks\":\"\"},\"colorscale\":[[0.0,\"#0d0887\"],[0.1111111111111111,\"#46039f\"],[0.2222222222222222,\"#7201a8\"],[0.3333333333333333,\"#9c179e\"],[0.4444444444444444,\"#bd3786\"],[0.5555555555555556,\"#d8576b\"],[0.6666666666666666,\"#ed7953\"],[0.7777777777777778,\"#fb9f3a\"],[0.8888888888888888,\"#fdca26\"],[1.0,\"#f0f921\"]],\"type\":\"contour\"}],\"contourcarpet\":[{\"colorbar\":{\"outlinewidth\":0,\"ticks\":\"\"},\"type\":\"contourcarpet\"}],\"heatmap\":[{\"colorbar\":{\"outlinewidth\":0,\"ticks\":\"\"},\"colorscale\":[[0.0,\"#0d0887\"],[0.1111111111111111,\"#46039f\"],[0.2222222222222222,\"#7201a8\"],[0.3333333333333333,\"#9c179e\"],[0.4444444444444444,\"#bd3786\"],[0.5555555555555556,\"#d8576b\"],[0.6666666666666666,\"#ed7953\"],[0.7777777777777778,\"#fb9f3a\"],[0.8888888888888888,\"#fdca26\"],[1.0,\"#f0f921\"]],\"type\":\"heatmap\"}],\"heatmapgl\":[{\"colorbar\":{\"outlinewidth\":0,\"ticks\":\"\"},\"colorscale\":[[0.0,\"#0d0887\"],[0.1111111111111111,\"#46039f\"],[0.2222222222222222,\"#7201a8\"],[0.3333333333333333,\"#9c179e\"],[0.4444444444444444,\"#bd3786\"],[0.5555555555555556,\"#d8576b\"],[0.6666666666666666,\"#ed7953\"],[0.7777777777777778,\"#fb9f3a\"],[0.8888888888888888,\"#fdca26\"],[1.0,\"#f0f921\"]],\"type\":\"heatmapgl\"}],\"histogram\":[{\"marker\":{\"pattern\":{\"fillmode\":\"overlay\",\"size\":10,\"solidity\":0.2}},\"type\":\"histogram\"}],\"histogram2d\":[{\"colorbar\":{\"outlinewidth\":0,\"ticks\":\"\"},\"colorscale\":[[0.0,\"#0d0887\"],[0.1111111111111111,\"#46039f\"],[0.2222222222222222,\"#7201a8\"],[0.3333333333333333,\"#9c179e\"],[0.4444444444444444,\"#bd3786\"],[0.5555555555555556,\"#d8576b\"],[0.6666666666666666,\"#ed7953\"],[0.7777777777777778,\"#fb9f3a\"],[0.8888888888888888,\"#fdca26\"],[1.0,\"#f0f921\"]],\"type\":\"histogram2d\"}],\"histogram2dcontour\":[{\"colorbar\":{\"outlinewidth\":0,\"ticks\":\"\"},\"colorscale\":[[0.0,\"#0d0887\"],[0.1111111111111111,\"#46039f\"],[0.2222222222222222,\"#7201a8\"],[0.3333333333333333,\"#9c179e\"],[0.4444444444444444,\"#bd3786\"],[0.5555555555555556,\"#d8576b\"],[0.6666666666666666,\"#ed7953\"],[0.7777777777777778,\"#fb9f3a\"],[0.8888888888888888,\"#fdca26\"],[1.0,\"#f0f921\"]],\"type\":\"histogram2dcontour\"}],\"mesh3d\":[{\"colorbar\":{\"outlinewidth\":0,\"ticks\":\"\"},\"type\":\"mesh3d\"}],\"parcoords\":[{\"line\":{\"colorbar\":{\"outlinewidth\":0,\"ticks\":\"\"}},\"type\":\"parcoords\"}],\"pie\":[{\"automargin\":true,\"type\":\"pie\"}],\"scatter\":[{\"marker\":{\"colorbar\":{\"outlinewidth\":0,\"ticks\":\"\"}},\"type\":\"scatter\"}],\"scatter3d\":[{\"line\":{\"colorbar\":{\"outlinewidth\":0,\"ticks\":\"\"}},\"marker\":{\"colorbar\":{\"outlinewidth\":0,\"ticks\":\"\"}},\"type\":\"scatter3d\"}],\"scattercarpet\":[{\"marker\":{\"colorbar\":{\"outlinewidth\":0,\"ticks\":\"\"}},\"type\":\"scattercarpet\"}],\"scattergeo\":[{\"marker\":{\"colorbar\":{\"outlinewidth\":0,\"ticks\":\"\"}},\"type\":\"scattergeo\"}],\"scattergl\":[{\"marker\":{\"colorbar\":{\"outlinewidth\":0,\"ticks\":\"\"}},\"type\":\"scattergl\"}],\"scattermapbox\":[{\"marker\":{\"colorbar\":{\"outlinewidth\":0,\"ticks\":\"\"}},\"type\":\"scattermapbox\"}],\"scatterpolar\":[{\"marker\":{\"colorbar\":{\"outlinewidth\":0,\"ticks\":\"\"}},\"type\":\"scatterpolar\"}],\"scatterpolargl\":[{\"marker\":{\"colorbar\":{\"outlinewidth\":0,\"ticks\":\"\"}},\"type\":\"scatterpolargl\"}],\"scatterternary\":[{\"marker\":{\"colorbar\":{\"outlinewidth\":0,\"ticks\":\"\"}},\"type\":\"scatterternary\"}],\"surface\":[{\"colorbar\":{\"outlinewidth\":0,\"ticks\":\"\"},\"colorscale\":[[0.0,\"#0d0887\"],[0.1111111111111111,\"#46039f\"],[0.2222222222222222,\"#7201a8\"],[0.3333333333333333,\"#9c179e\"],[0.4444444444444444,\"#bd3786\"],[0.5555555555555556,\"#d8576b\"],[0.6666666666666666,\"#ed7953\"],[0.7777777777777778,\"#fb9f3a\"],[0.8888888888888888,\"#fdca26\"],[1.0,\"#f0f921\"]],\"type\":\"surface\"}],\"table\":[{\"cells\":{\"fill\":{\"color\":\"#EBF0F8\"},\"line\":{\"color\":\"white\"}},\"header\":{\"fill\":{\"color\":\"#C8D4E3\"},\"line\":{\"color\":\"white\"}},\"type\":\"table\"}]},\"layout\":{\"annotationdefaults\":{\"arrowcolor\":\"#2a3f5f\",\"arrowhead\":0,\"arrowwidth\":1},\"autotypenumbers\":\"strict\",\"coloraxis\":{\"colorbar\":{\"outlinewidth\":0,\"ticks\":\"\"}},\"colorscale\":{\"diverging\":[[0,\"#8e0152\"],[0.1,\"#c51b7d\"],[0.2,\"#de77ae\"],[0.3,\"#f1b6da\"],[0.4,\"#fde0ef\"],[0.5,\"#f7f7f7\"],[0.6,\"#e6f5d0\"],[0.7,\"#b8e186\"],[0.8,\"#7fbc41\"],[0.9,\"#4d9221\"],[1,\"#276419\"]],\"sequential\":[[0.0,\"#0d0887\"],[0.1111111111111111,\"#46039f\"],[0.2222222222222222,\"#7201a8\"],[0.3333333333333333,\"#9c179e\"],[0.4444444444444444,\"#bd3786\"],[0.5555555555555556,\"#d8576b\"],[0.6666666666666666,\"#ed7953\"],[0.7777777777777778,\"#fb9f3a\"],[0.8888888888888888,\"#fdca26\"],[1.0,\"#f0f921\"]],\"sequentialminus\":[[0.0,\"#0d0887\"],[0.1111111111111111,\"#46039f\"],[0.2222222222222222,\"#7201a8\"],[0.3333333333333333,\"#9c179e\"],[0.4444444444444444,\"#bd3786\"],[0.5555555555555556,\"#d8576b\"],[0.6666666666666666,\"#ed7953\"],[0.7777777777777778,\"#fb9f3a\"],[0.8888888888888888,\"#fdca26\"],[1.0,\"#f0f921\"]]},\"colorway\":[\"#636efa\",\"#EF553B\",\"#00cc96\",\"#ab63fa\",\"#FFA15A\",\"#19d3f3\",\"#FF6692\",\"#B6E880\",\"#FF97FF\",\"#FECB52\"],\"font\":{\"color\":\"#2a3f5f\"},\"geo\":{\"bgcolor\":\"white\",\"lakecolor\":\"white\",\"landcolor\":\"#E5ECF6\",\"showlakes\":true,\"showland\":true,\"subunitcolor\":\"white\"},\"hoverlabel\":{\"align\":\"left\"},\"hovermode\":\"closest\",\"mapbox\":{\"style\":\"light\"},\"paper_bgcolor\":\"white\",\"plot_bgcolor\":\"#E5ECF6\",\"polar\":{\"angularaxis\":{\"gridcolor\":\"white\",\"linecolor\":\"white\",\"ticks\":\"\"},\"bgcolor\":\"#E5ECF6\",\"radialaxis\":{\"gridcolor\":\"white\",\"linecolor\":\"white\",\"ticks\":\"\"}},\"scene\":{\"xaxis\":{\"backgroundcolor\":\"#E5ECF6\",\"gridcolor\":\"white\",\"gridwidth\":2,\"linecolor\":\"white\",\"showbackground\":true,\"ticks\":\"\",\"zerolinecolor\":\"white\"},\"yaxis\":{\"backgroundcolor\":\"#E5ECF6\",\"gridcolor\":\"white\",\"gridwidth\":2,\"linecolor\":\"white\",\"showbackground\":true,\"ticks\":\"\",\"zerolinecolor\":\"white\"},\"zaxis\":{\"backgroundcolor\":\"#E5ECF6\",\"gridcolor\":\"white\",\"gridwidth\":2,\"linecolor\":\"white\",\"showbackground\":true,\"ticks\":\"\",\"zerolinecolor\":\"white\"}},\"shapedefaults\":{\"line\":{\"color\":\"#2a3f5f\"}},\"ternary\":{\"aaxis\":{\"gridcolor\":\"white\",\"linecolor\":\"white\",\"ticks\":\"\"},\"baxis\":{\"gridcolor\":\"white\",\"linecolor\":\"white\",\"ticks\":\"\"},\"bgcolor\":\"#E5ECF6\",\"caxis\":{\"gridcolor\":\"white\",\"linecolor\":\"white\",\"ticks\":\"\"}},\"title\":{\"x\":0.05},\"xaxis\":{\"automargin\":true,\"gridcolor\":\"white\",\"linecolor\":\"white\",\"ticks\":\"\",\"title\":{\"standoff\":15},\"zerolinecolor\":\"white\",\"zerolinewidth\":2},\"yaxis\":{\"automargin\":true,\"gridcolor\":\"white\",\"linecolor\":\"white\",\"ticks\":\"\",\"title\":{\"standoff\":15},\"zerolinecolor\":\"white\",\"zerolinewidth\":2}}},\"xaxis\":{\"anchor\":\"y\",\"domain\":[0.0,1.0],\"title\":{\"text\":\"Factors of Heart Disease\"},\"side\":\"top\"},\"yaxis\":{\"anchor\":\"x\",\"domain\":[0.0,1.0],\"autorange\":\"reversed\"},\"coloraxis\":{\"colorbar\":{\"title\":{\"text\":\"Correlation\"}},\"colorscale\":[[0.0,\"#440154\"],[0.1111111111111111,\"#482878\"],[0.2222222222222222,\"#3e4989\"],[0.3333333333333333,\"#31688e\"],[0.4444444444444444,\"#26828e\"],[0.5555555555555556,\"#1f9e89\"],[0.6666666666666666,\"#35b779\"],[0.7777777777777778,\"#6ece58\"],[0.8888888888888888,\"#b5de2b\"],[1.0,\"#fde725\"]]},\"margin\":{\"t\":60}},                        {\"responsive\": true}                    ).then(function(){\n",
       "                            \n",
       "var gd = document.getElementById('bac80c3d-69d8-4ec9-ac92-eeaf9754695d');\n",
       "var x = new MutationObserver(function (mutations, observer) {{\n",
       "        var display = window.getComputedStyle(gd).display;\n",
       "        if (!display || display === 'none') {{\n",
       "            console.log([gd, 'removed!']);\n",
       "            Plotly.purge(gd);\n",
       "            observer.disconnect();\n",
       "        }}\n",
       "}});\n",
       "\n",
       "// Listen for the removal of the full notebook cells\n",
       "var notebookContainer = gd.closest('#notebook-container');\n",
       "if (notebookContainer) {{\n",
       "    x.observe(notebookContainer, {childList: true});\n",
       "}}\n",
       "\n",
       "// Listen for the clearing of the current output cell\n",
       "var outputEl = gd.closest('.output');\n",
       "if (outputEl) {{\n",
       "    x.observe(outputEl, {childList: true});\n",
       "}}\n",
       "\n",
       "                        })                };                            </script>        </div>\n",
       "</body>\n",
       "</html>"
      ]
     },
     "execution_count": 8,
     "metadata": {
     },
     "output_type": "execute_result"
    },
    {
     "ename": "FileNotFoundError",
     "evalue": "[Errno 2] No such file or directory: 'path/to/file.html'",
     "output_type": "error",
     "traceback": [
      "\u001b[0;31m---------------------------------------------------------------------------\u001b[0m",
      "\u001b[0;31mFileNotFoundError\u001b[0m                         Traceback (most recent call last)",
      "Input \u001b[0;32mIn [8]\u001b[0m, in \u001b[0;36m<cell line: 4>\u001b[0;34m()\u001b[0m\n\u001b[1;32m      2\u001b[0m fig\u001b[38;5;241m.\u001b[39mupdate_xaxes(side\u001b[38;5;241m=\u001b[39m\u001b[38;5;124m\"\u001b[39m\u001b[38;5;124mtop\u001b[39m\u001b[38;5;124m\"\u001b[39m)\n\u001b[1;32m      3\u001b[0m fig\u001b[38;5;241m.\u001b[39mshow()\n\u001b[0;32m----> 4\u001b[0m \u001b[43mfig\u001b[49m\u001b[38;5;241;43m.\u001b[39;49m\u001b[43mwrite_html\u001b[49m\u001b[43m(\u001b[49m\u001b[38;5;124;43m\"\u001b[39;49m\u001b[38;5;124;43mpath/to/file.html\u001b[39;49m\u001b[38;5;124;43m\"\u001b[39;49m\u001b[43m)\u001b[49m\n",
      "File \u001b[0;32m~/miniconda3/envs/ds_env/lib/python3.8/site-packages/plotly/basedatatypes.py:3708\u001b[0m, in \u001b[0;36mBaseFigure.write_html\u001b[0;34m(self, *args, **kwargs)\u001b[0m\n\u001b[1;32m   3593\u001b[0m \u001b[38;5;124;03m\"\"\"\u001b[39;00m\n\u001b[1;32m   3594\u001b[0m \u001b[38;5;124;03mWrite a figure to an HTML file representation\u001b[39;00m\n\u001b[1;32m   3595\u001b[0m \n\u001b[0;32m   (...)\u001b[0m\n\u001b[1;32m   3704\u001b[0m \u001b[38;5;124;03m    Representation of figure as an HTML div string\u001b[39;00m\n\u001b[1;32m   3705\u001b[0m \u001b[38;5;124;03m\"\"\"\u001b[39;00m\n\u001b[1;32m   3706\u001b[0m \u001b[38;5;28;01mimport\u001b[39;00m \u001b[38;5;21;01mplotly\u001b[39;00m\u001b[38;5;21;01m.\u001b[39;00m\u001b[38;5;21;01mio\u001b[39;00m \u001b[38;5;28;01mas\u001b[39;00m \u001b[38;5;21;01mpio\u001b[39;00m\n\u001b[0;32m-> 3708\u001b[0m \u001b[38;5;28;01mreturn\u001b[39;00m \u001b[43mpio\u001b[49m\u001b[38;5;241;43m.\u001b[39;49m\u001b[43mwrite_html\u001b[49m\u001b[43m(\u001b[49m\u001b[38;5;28;43mself\u001b[39;49m\u001b[43m,\u001b[49m\u001b[43m \u001b[49m\u001b[38;5;241;43m*\u001b[39;49m\u001b[43margs\u001b[49m\u001b[43m,\u001b[49m\u001b[43m \u001b[49m\u001b[38;5;241;43m*\u001b[39;49m\u001b[38;5;241;43m*\u001b[39;49m\u001b[43mkwargs\u001b[49m\u001b[43m)\u001b[49m\n",
      "File \u001b[0;32m~/miniconda3/envs/ds_env/lib/python3.8/site-packages/plotly/io/_html.py:542\u001b[0m, in \u001b[0;36mwrite_html\u001b[0;34m(fig, file, config, auto_play, include_plotlyjs, include_mathjax, post_script, full_html, animation_opts, validate, default_width, default_height, auto_open, div_id)\u001b[0m\n\u001b[1;32m    540\u001b[0m \u001b[38;5;66;03m# Write HTML string\u001b[39;00m\n\u001b[1;32m    541\u001b[0m \u001b[38;5;28;01mif\u001b[39;00m path \u001b[38;5;129;01mis\u001b[39;00m \u001b[38;5;129;01mnot\u001b[39;00m \u001b[38;5;28;01mNone\u001b[39;00m:\n\u001b[0;32m--> 542\u001b[0m     \u001b[43mpath\u001b[49m\u001b[38;5;241;43m.\u001b[39;49m\u001b[43mwrite_text\u001b[49m\u001b[43m(\u001b[49m\u001b[43mhtml_str\u001b[49m\u001b[43m)\u001b[49m\n\u001b[1;32m    543\u001b[0m \u001b[38;5;28;01melse\u001b[39;00m:\n\u001b[1;32m    544\u001b[0m     file\u001b[38;5;241m.\u001b[39mwrite(html_str)\n",
      "File \u001b[0;32m~/miniconda3/envs/ds_env/lib/python3.8/pathlib.py:1255\u001b[0m, in \u001b[0;36mPath.write_text\u001b[0;34m(self, data, encoding, errors)\u001b[0m\n\u001b[1;32m   1252\u001b[0m \u001b[38;5;28;01mif\u001b[39;00m \u001b[38;5;129;01mnot\u001b[39;00m \u001b[38;5;28misinstance\u001b[39m(data, \u001b[38;5;28mstr\u001b[39m):\n\u001b[1;32m   1253\u001b[0m     \u001b[38;5;28;01mraise\u001b[39;00m \u001b[38;5;167;01mTypeError\u001b[39;00m(\u001b[38;5;124m'\u001b[39m\u001b[38;5;124mdata must be str, not \u001b[39m\u001b[38;5;132;01m%s\u001b[39;00m\u001b[38;5;124m'\u001b[39m \u001b[38;5;241m%\u001b[39m\n\u001b[1;32m   1254\u001b[0m                     data\u001b[38;5;241m.\u001b[39m\u001b[38;5;18m__class__\u001b[39m\u001b[38;5;241m.\u001b[39m\u001b[38;5;18m__name__\u001b[39m)\n\u001b[0;32m-> 1255\u001b[0m \u001b[38;5;28;01mwith\u001b[39;00m \u001b[38;5;28;43mself\u001b[39;49m\u001b[38;5;241;43m.\u001b[39;49m\u001b[43mopen\u001b[49m\u001b[43m(\u001b[49m\u001b[43mmode\u001b[49m\u001b[38;5;241;43m=\u001b[39;49m\u001b[38;5;124;43m'\u001b[39;49m\u001b[38;5;124;43mw\u001b[39;49m\u001b[38;5;124;43m'\u001b[39;49m\u001b[43m,\u001b[49m\u001b[43m \u001b[49m\u001b[43mencoding\u001b[49m\u001b[38;5;241;43m=\u001b[39;49m\u001b[43mencoding\u001b[49m\u001b[43m,\u001b[49m\u001b[43m \u001b[49m\u001b[43merrors\u001b[49m\u001b[38;5;241;43m=\u001b[39;49m\u001b[43merrors\u001b[49m\u001b[43m)\u001b[49m \u001b[38;5;28;01mas\u001b[39;00m f:\n\u001b[1;32m   1256\u001b[0m     \u001b[38;5;28;01mreturn\u001b[39;00m f\u001b[38;5;241m.\u001b[39mwrite(data)\n",
      "File \u001b[0;32m~/miniconda3/envs/ds_env/lib/python3.8/pathlib.py:1222\u001b[0m, in \u001b[0;36mPath.open\u001b[0;34m(self, mode, buffering, encoding, errors, newline)\u001b[0m\n\u001b[1;32m   1220\u001b[0m \u001b[38;5;28;01mif\u001b[39;00m \u001b[38;5;28mself\u001b[39m\u001b[38;5;241m.\u001b[39m_closed:\n\u001b[1;32m   1221\u001b[0m     \u001b[38;5;28mself\u001b[39m\u001b[38;5;241m.\u001b[39m_raise_closed()\n\u001b[0;32m-> 1222\u001b[0m \u001b[38;5;28;01mreturn\u001b[39;00m \u001b[43mio\u001b[49m\u001b[38;5;241;43m.\u001b[39;49m\u001b[43mopen\u001b[49m\u001b[43m(\u001b[49m\u001b[38;5;28;43mself\u001b[39;49m\u001b[43m,\u001b[49m\u001b[43m \u001b[49m\u001b[43mmode\u001b[49m\u001b[43m,\u001b[49m\u001b[43m \u001b[49m\u001b[43mbuffering\u001b[49m\u001b[43m,\u001b[49m\u001b[43m \u001b[49m\u001b[43mencoding\u001b[49m\u001b[43m,\u001b[49m\u001b[43m \u001b[49m\u001b[43merrors\u001b[49m\u001b[43m,\u001b[49m\u001b[43m \u001b[49m\u001b[43mnewline\u001b[49m\u001b[43m,\u001b[49m\n\u001b[1;32m   1223\u001b[0m \u001b[43m               \u001b[49m\u001b[43mopener\u001b[49m\u001b[38;5;241;43m=\u001b[39;49m\u001b[38;5;28;43mself\u001b[39;49m\u001b[38;5;241;43m.\u001b[39;49m\u001b[43m_opener\u001b[49m\u001b[43m)\u001b[49m\n",
      "File \u001b[0;32m~/miniconda3/envs/ds_env/lib/python3.8/pathlib.py:1078\u001b[0m, in \u001b[0;36mPath._opener\u001b[0;34m(self, name, flags, mode)\u001b[0m\n\u001b[1;32m   1076\u001b[0m \u001b[38;5;28;01mdef\u001b[39;00m \u001b[38;5;21m_opener\u001b[39m(\u001b[38;5;28mself\u001b[39m, name, flags, mode\u001b[38;5;241m=\u001b[39m\u001b[38;5;241m0o666\u001b[39m):\n\u001b[1;32m   1077\u001b[0m     \u001b[38;5;66;03m# A stub for the opener argument to built-in open()\u001b[39;00m\n\u001b[0;32m-> 1078\u001b[0m     \u001b[38;5;28;01mreturn\u001b[39;00m \u001b[38;5;28;43mself\u001b[39;49m\u001b[38;5;241;43m.\u001b[39;49m\u001b[43m_accessor\u001b[49m\u001b[38;5;241;43m.\u001b[39;49m\u001b[43mopen\u001b[49m\u001b[43m(\u001b[49m\u001b[38;5;28;43mself\u001b[39;49m\u001b[43m,\u001b[49m\u001b[43m \u001b[49m\u001b[43mflags\u001b[49m\u001b[43m,\u001b[49m\u001b[43m \u001b[49m\u001b[43mmode\u001b[49m\u001b[43m)\u001b[49m\n",
      "\u001b[0;31mFileNotFoundError\u001b[0m: [Errno 2] No such file or directory: 'path/to/file.html'"
     ]
    }
   ],
   "source": [
    "fig = px.imshow(df.corr(), text_auto=True, aspect = \"auto\", color_continuous_scale='Viridis', labels = dict(x = \"Factors of Heart Disease\", color = \"Correlation\"), x = [\"age\", 'sex', 'chest pain', 'resting blood pressure', 'cholesterol', 'fasting blood sugar', 'resting electrocardiographic results', 'max heart rate', 'exercise induced angina', 'ST depression induced by exercise relative to rest', 'the slope of the peak exercise ST segment', 'number of major vessels (0-3) colored by flourosopy', 'thalassemia', 'heart disease'])\n",
    "fig.update_xaxes(side=\"top\")\n",
    "fig.show()\n",
    "fig.write_html(\"path/to/file.html\")"
   ]
  },
  {
   "cell_type": "markdown",
   "metadata": {
    "collapsed": false
   },
   "source": [
    "The reason we're using a  Heatmap to portray the factors of heart disease is because it displays the data in an easy\\-to\\-digest way. The color scale tells a reader what factors are correlated with each other and with heart disease, making it easier to find what the problem is. Our goal is to spread awareness about heart disease and help people identify if they may be at a higher risk for heart disease, and understanding the factors and correlations are one step to do that. \n",
    "\n",
    "The most positively correlated variables to people with heart disease are chest pain, thalach \\(max heart rate\\), and slope of peak exercise in ST segments. This makes sense, as pain in the heart is a sign of heart disease, and heart rate and exercise also play a big part.  The most negatively correlated variables to people with heart disease are oldpeak depression and the number of major vessels colored by flouroscopy.\n",
    "Some variables that should be disregarded are thalassemia, sex, and exercise induced angina because of their fixed numerical representations \\(e.g. male = 1 and female = 0 \\) that do not translate well on a graph/heat map when compared with other values.\n",
    "First, we created a correlation table to see how different features correlated with the wealth of nations. Some surprising results were that the number of phones per hundred people and male height in cm were highly correlated with GDP per capita. Meanwhile, birthrate and infant mortality were highly negatively correlated\n",
    "\n"
   ]
  },
  {
   "cell_type": "code",
   "execution_count": 9,
   "metadata": {
    "collapsed": false
   },
   "outputs": [
   ],
   "source": [
    "fig.write_html(\"Heatmap.html\")"
   ]
  },
  {
   "cell_type": "code",
   "execution_count": 10,
   "metadata": {
    "collapsed": false
   },
   "outputs": [
   ],
   "source": [
    "#Graph 2 - grid of scatterplots of different features against each other, using target to color the points"
   ]
  },
  {
   "cell_type": "code",
   "execution_count": 11,
   "metadata": {
    "collapsed": false,
    "scrolled": true
   },
   "outputs": [
    {
     "data": {
      "text/html": [
       "<html>\n",
       "<head><meta charset=\"utf-8\" /></head>\n",
       "<body>\n",
       "    <div>            <script src=\"https://cdnjs.cloudflare.com/ajax/libs/mathjax/2.7.5/MathJax.js?config=TeX-AMS-MML_SVG\"></script><script type=\"text/javascript\">if (window.MathJax) {MathJax.Hub.Config({SVG: {font: \"STIX-Web\"}});}</script>                <script type=\"text/javascript\">window.PlotlyConfig = {MathJaxConfig: 'local'};</script>\n",
